1 5.56957
2 -3.47401
3 -0.4135
4 11.53732
5 -5.99048
6 2.06539
7 5.52144
8 2.68078
9 4.62957
10 8.58824
11 1.91848
12 -0.41708
13 4.33961
14 10.17479
15 4.49686
16 4.46087
17 6.19074
18 6.84783
19 17.56747
20 5.52695
21 -1.64146
22 5.83457
23 6.88189
24 6.43031
25 13.08358
26 6.22063
27 7.49603
28 9.91243
29 15.97699
30 12.72278
31 6.49818
32 8.60887
33 16.66924
34 24.244
35 18.82813
36 23.79922
37 23.00007
38 11.66685
39 12.19876
40 16.29261
41 22.10996
42 18.16274
43 17.00661
44 13.47828
45 14.80242
46 24.30404
47 12.06143
48 11.20384
49 15.90465
50 18.4766
51 15.91052
52 19.11591
53 22.3153
54 21.18302
55 19.99568
56 18.01564
57 30.28387
58 33.73204
59 23.76177
60 23.34649
61 17.28714
62 26.77099
63 18.87229
64 21.21047
65 21.36212
66 29.03002
67 25.34521
68 28.6848
69 25.36893
70 31.55031
71 30.13242
72 29.48447
73 27.86191
74 30.40208
75 30.49724
76 33.12482
77 34.17059
78 35.36331
79 28.81865
80 33.41138
81 27.28723
82 31.19704
83 37.78648
84 32.38119
85 23.99951
86 35.53828
87 25.09678
88 26.27695
89 31.05673
90 33.98065
91 34.21807
92 39.38328
93 36.16384
94 38.18499
95 30.42234
96 42.53604
97 33.47606
98 37.74775
99 39.89781
100 47.80883
101 33.67633
102 44.51543
103 28.18549
104 42.91825
105 47.18555
106 43.84647
107 43.51365
108 34.25821
109 39.44031
110 38.69575
111 39.40003
112 43.28574
113 35.13426
114 49.15454
115 41.96874
116 39.97574
117 48.48975
118 37.39142
119 50.6863
120 56.95775
121 51.5676
122 46.92498
123 44.32199
124 41.62378
125 51.17179
126 51.60335
127 52.49969
128 49.59123
129 51.50289
130 53.52357
131 50.62963
132 59.14689
133 62.33619
134 61.63702
135 45.70359
136 58.97203
137 63.52542
138 56.53552
139 62.54564
140 67.84035
141 55.17834
142 62.13805
143 54.54206
144 46.07197
145 68.34391
146 63.18026
147 56.55088
148 68.69135
149 52.14755
150 60.0986
151 70.04396
152 57.24185
153 50.25732
154 65.88603
155 63.01604
156 61.55763
157 65.94875
158 59.93506
159 55.34679
160 63.04022
161 60.55486
162 56.47999
163 60.45056
164 64.7746
165 71.18294
166 65.30708
167 59.27448
168 72.48615
169 62.87117
170 71.19845
171 61.78556
172 76.56336
173 69.0647
174 72.18685
175 75.42137
176 76.77713
177 70.89848
178 76.83575
179 63.64695
180 74.63741
181 71.46025
182 74.46699
183 68.38253
184 76.26374
185 72.11178
186 74.73064
187 76.26737
188 71.76826
189 76.84892
190 73.15193
191 87.51757
192 78.71257
193 79.07791
194 75.9546
195 74.91937
196 72.83514
197 69.44289
198 74.23103
199 74.62595
200 83.06104
201 81.38102
202 81.20527
203 88.71602
204 76.64104
205 90.09782
206 70.74337
207 77.07474
208 84.19519
209 82.70868
210 92.22386
211 77.34771
212 76.92569
213 83.04782
214 92.49738
215 85.80471
216 89.26478
217 87.50861
218 81.52565
219 86.47413
220 93.78598
221 86.80508
222 93.07116
223 89.22793
224 90.79395
225 89.75341
226 91.12473
227 92.4304
228 79.82186
229 91.67794
230 95.92463
231 91.5807
232 93.72154
233 96.78874
234 103.3285
235 92.5521
236 98.53116
237 93.90261
238 92.23475
239 94.87733
240 94.58038
241 88.6692
242 98.27726
243 99.42518
244 97.30574
245 94.79956
246 90.53308
247 87.32745
248 91.81304
249 100.48477
250 98.95487
251 102.61165
252 106.45502
253 92.42576
254 102.12951
255 107.43978
256 108.71999
257 102.9524
258 97.20951
259 111.50076
260 96.24951
261 113.31901
262 106.0059
263 106.14491
264 109.11465
265 111.45463
266 104.05207
267 104.2842
268 106.45159
269 106.78219
270 110.8856
271 106.96565
272 119.33368
273 111.20526
274 116.38116
275 113.35224
276 108.19542
277 111.78131
278 114.75412
279 120.28806
280 107.42099
281 117.85471
282 110.96097
283 113.01601
284 114.41754
285 113.93423
286 109.77532
287 114.00753
288 112.85216
289 113.98651
290 126.34509
291 124.19705
292 114.96752
293 114.27132
294 118.00568
295 114.69795
296 119.85474
297 122.46564
298 116.44824
299 119.68893
300 118.60027
301 111.65766
302 128.20647
303 130.38817
304 122.2117
305 127.09399
306 119.89473
307 125.64792
308 121.03498
309 126.98437
310 122.66586
311 124.99707
312 124.36103
313 120.57179
314 127.29274
315 122.44859
316 120.44591
317 133.82771
318 123.25607
319 133.64447
320 138.41617
321 127.0976
322 129.74079
323 130.31997
324 120.66649
325 130.22622
326 137.31261
327 123.90066
328 129.24654
329 123.18003
330 137.76337
331 129.46721
332 137.28184
333 125.08526
334 138.8008
335 134.96925
336 134.29838
337 127.83989
338 129.29611
339 134.20225
340 136.41867
341 135.13354
342 141.41417
343 138.64954
344 142.94155
345 143.21392
346 139.0788
347 151.26526
348 128.88719
349 139.32938
350 143.46328
351 137.81971
352 132.95836
353 145.06566
354 139.30204
355 141.42417
356 142.20182
357 142.20515
358 145.57236
359 140.1117
360 146.93088
361 142.41581
362 148.29743
363 142.70626
364 148.02233
365 140.75071
366 151.26425
367 148.95097
368 148.93495
369 146.71166
370 144.70409
371 148.20244
372 156.75142
373 147.4211
374 151.09851
375 151.30857
376 150.68346
377 153.63308
378 150.43119
379 153.34043
380 151.61958
381 158.84321
382 149.84989
383 152.01485
384 155.49431
385 151.87757
386 150.05259
387 157.59651
388 165.73559
389 160.1359
390 152.78647
391 159.13418
392 149.26947
393 158.36573
394 167.27175
395 159.38433
396 162.14667
397 159.22696
398 164.93134
399 157.15422
400 168.6181
401 167.4062
402 167.86643
403 160.66359
404 157.10832
405 158.15748
406 163.28068
407 159.53126
408 165.07671
409 163.54362
410 164.44653
411 159.20957
412 165.82312
413 170.96306
414 160.47562
415 176.96901
416 166.29589
417 161.22955
418 169.45054
419 167.12333
420 171.48224
421 178.58843
422 159.3544
423 166.87896
424 165.41612
425 173.55759
426 162.84569
427 172.31823
428 169.45628
429 171.99385
430 161.29629
431 176.51297
432 169.84406
433 174.04713
434 171.82813
435 178.12616
436 176.16077
437 174.32906
438 171.4059
439 182.42758
440 170.96816
441 173.47875
442 175.98541
443 173.08956
444 178.33562
445 170.83348
446 178.17814
447 185.70144
448 181.99221
449 173.07529
450 181.25664
451 175.08911
452 176.53661
453 175.96754
454 180.94387
455 173.15771
456 178.90173
457 184.02433
458 184.46743
459 181.48095
460 185.48565
461 193.63296
462 194.92459
463 187.42632
464 182.84714
465 189.5864
466 187.08156
467 181.26001
468 187.81717
469 181.35858
470 193.87895
471 185.28044
472 197.72719
473 195.63511
474 189.6992
475 189.25551
476 190.10497
477 192.88236
478 191.00571
479 191.63649
480 189.52014
481 189.72593
482 184.5984
483 198.87823
484 194.93444
485 187.62051
486 187.64533
487 204.93163
488 193.68974
489 185.6765
490 201.76375
491 195.53888
492 193.49562
493 191.80236
494 203.58842
495 200.45
496 197.13611
497 202.52214
498 211.03698
499 196.15032
500 200.05772
501 208.22165
502 192.66566
503 204.53964
504 200.81087
505 208.41651
506 196.61293
507 204.1987
508 204.58128
509 203.30436
510 199.36649
511 211.57491
512 202.02808
513 212.99107
514 214.84988
515 204.52889
516 204.69512
517 202.70123
518 200.26851
519 209.71596
520 209.16671
521 211.28181
522 214.45972
523 219.4521
524 205.39977
525 213.34827
526 215.41128
527 209.69171
528 208.8177
529 207.80758
530 218.54373
531 207.65788
532 206.06885
533 211.97175
534 218.63326
535 218.46909
536 212.53577
537 206.72005
538 210.93266
539 200.99352
540 213.82439
541 212.18195
542 224.72859
543 214.46308
544 217.66343
545 216.86672
546 214.46591
547 219.36987
548 216.55327
549 221.43269
550 217.30808
551 228.06699
552 221.09876
553 223.59316
554 225.64013
555 219.95083
556 226.9351
557 227.90536
558 224.55054
559 220.53845
560 224.12851
561 223.1993
562 229.05196
563 216.01624
564 225.75194
565 229.42928
566 223.73212
567 223.49391
568 219.47575
569 222.80493
570 231.48871
571 236.97453
572 223.19176
573 233.80425
574 230.00526
575 237.20368
576 227.89086
577 222.24743
578 228.0787
579 236.56505
580 230.52615
581 229.92318
582 231.60341
583 240.94298
584 236.08979
585 248.76292
586 237.54481
587 237.71357
588 241.8688
589 229.60189
590 226.79978
591 230.88283
592 233.53713
593 235.36405
594 240.79334
595 242.7373
596 245.55704
597 235.82106
598 238.65771
599 240.97487
600 241.79925
601 243.92206
602 239.52679
603 243.78962
604 245.05717
605 242.49702
606 242.87473
607 237.6944
608 245.9508
609 240.52853
610 236.75053
611 244.24486
612 239.89162
613 242.67017
614 249.17304
615 245.40744
616 245.92272
617 243.89336
618 240.56781
619 242.55112
620 244.61782
621 246.94854
622 242.89772
623 238.86764
624 251.66579
625 250.89155
626 252.28356
627 250.7567
628 255.13829
629 248.87611
630 249.39665
631 249.17864
632 255.70856
633 254.49138
634 253.58309
635 253.56021
636 254.82442
637 260.87224
638 254.25589
639 252.63697
640 262.50787
641 251.80022
642 252.32639
643 259.71219
644 257.50021
645 258.28434
646 257.17606
647 253.04235
648 258.59118
649 264.18743
650 266.17133
651 254.56323
652 264.89397
653 263.04639
654 259.28496
655 261.05926
656 268.21158
657 264.26177
658 254.92526
659 257.75555
660 267.42716
661 275.10998
662 259.02535
663 266.41314
664 258.64034
665 262.67182
666 261.6701
667 262.64421
668 264.64681
669 269.83325
670 263.97936
671 262.50812
672 261.99666
673 272.81575
674 267.01204
675 274.21996
676 270.71844
677 263.38362
678 276.75929
679 262.8015
680 271.75223
681 274.15618
682 265.61686
683 277.93835
684 273.01952
685 279.44355
686 274.80315
687 271.90362
688 281.31029
689 277.165
690 273.60856
691 281.24592
692 279.41506
693 272.35074
694 270.86587
695 277.49883
696 280.31943
697 280.60947
698 276.04243
699 279.65098
700 282.03632
701 278.42116
702 282.43078
703 278.53018
704 289.20579
705 283.10927
706 287.66089
707 287.42586
708 284.33729
709 280.57005
710 277.13943
711 278.88332
712 284.34522
713 290.07647
714 287.18668
715 285.74817
716 285.92032
717 285.67838
718 281.48684
719 287.68944
720 292.00504
721 287.72504
722 287.67871
723 287.57547
724 293.3256
725 281.39181
726 287.28158
727 293.34023
728 295.92248
729 291.63484
730 280.36056
731 281.96164
732 284.58112
733 291.34185
734 293.45303
735 294.7732
736 289.89757
737 295.97761
738 285.7785
739 295.63867
740 284.8857
741 307.77578
742 300.60463
743 299.59901
744 303.47477
745 299.63376
746 298.48731
747 293.09027
748 305.88904
749 301.00235
750 298.13645
751 300.89423
752 298.97556
753 296.55223
754 303.6864
755 300.61608
756 311.15518
757 304.97262
758 296.58061
759 301.30678
760 308.23694
761 309.12033
762 303.81838
763 304.21513
764 312.77494
765 303.32105
766 309.58959
767 305.93953
768 310.74095
769 314.96413
770 312.60551
771 303.75215
772 310.40732
773 314.41561
774 307.32093
775 313.93253
776 321.09666
777 303.4401
778 314.14427
779 306.97548
780 312.23947
781 309.64771
782 307.59984
783 307.71222
784 318.29606
785 310.04244
786 307.04171
787 309.63601
788 317.87289
789 316.469
790 312.64384
791 318.14969
792 314.14854
793 316.2968
794 321.7534
795 322.05373
796 308.53021
797 323.21393
798 315.34338
799 317.8144
800 322.54339
801 306.72011
802 324.18613
803 321.09586
804 315.50379
805 313.22588
806 323.13202
807 319.96176
808 323.7735
809 317.93759
810 321.7798
811 324.10908
812 330.51388
813 321.1575
814 328.84352
815 330.02911
816 320.13701
817 321.56105
818 327.31999
819 330.64892
820 330.54888
821 332.34491
822 322.24352
823 318.42631
824 327.44346
825 334.35795
826 328.71362
827 337.03255
828 329.28402
829 328.91795
830 333.6811
831 333.91807
832 329.39124
833 338.34679
834 337.77607
835 332.07084
836 337.00329
837 328.93935
838 333.3403
839 333.84004
840 336.72842
841 336.29126
842 336.96676
843 335.45247
844 340.47851
845 340.33298
846 339.86877
847 336.19001
848 342.13293
849 342.22272
850 338.71829
851 337.08262
852 349.37326
853 347.53311
854 336.03647
855 343.19837
856 347.41715
857 338.49125
858 343.59819
859 342.39411
860 349.28375
861 337.83179
862 339.26983
863 348.09701
864 353.80078
865 344.54699
866 354.88636
867 335.10726
868 344.18493
869 351.73089
870 345.03152
871 346.11541
872 354.88438
873 358.94014
874 353.0888
875 338.67788
876 355.41385
877 352.46324
878 349.77318
879 353.46355
880 357.81017
881 344.28371
882 353.16556
883 359.85571
884 359.72418
885 357.77421
886 358.57913
887 346.1065
888 352.57671
889 357.26999
890 354.58914
891 358.32969
892 350.61243
893 355.5839
894 348.78349
895 357.90704
896 364.0725
897 355.44192
898 358.38981
899 360.98321
900 367.18751
901 364.76747
902 360.4342
903 358.9765
904 356.00191
905 354.50974
906 366.76343
907 360.23322
908 361.0482
909 359.30726
910 359.88715
911 360.37794
912 362.37247
913 367.1734
914 370.67679
915 362.96975
916 372.3914
917 371.52176
918 361.75003
919 361.63099
920 363.30645
921 368.04687
922 365.07468
923 369.70732
924 370.47736
925 372.55676
926 366.2038
927 379.61266
928 368.49072
929 366.98128
930 371.76586
931 369.87747
932 376.96126
933 367.91414
934 372.12315
935 366.14181
936 389.33536
937 373.30021
938 380.65227
939 373.05202
940 372.73803
941 383.86079
942 369.14162
943 388.05655
944 375.68301
945 378.71142
946 375.81352
947 383.3467
948 384.6816
949 387.66913
950 387.16338
951 372.68805
952 374.42009
953 389.16242
954 385.65538
955 390.41792
956 377.45571
957 394.73566
958 388.00367
959 390.45993
960 377.39892
961 381.93633
962 385.15334
963 383.42217
964 384.34883
965 385.09912
966 387.43224
967 392.425
968 388.29231
969 393.65158
970 390.11779
971 394.88629
972 395.44686
973 379.77459
974 400.54277
975 391.62744
976 394.77547
977 394.06361
978 391.55707
979 388.64306
980 398.68997
981 399.0651
982 399.72232
983 380.09018
984 388.26321
985 396.36971
986 392.89452
987 396.04447
988 401.82462
989 399.94181
990 398.72951
991 403.26994
992 391.60336
993 400.50666
994 400.45731
995 399.15198
996 398.1927
997 396.48037
998 394.86728
999 400.94401
1000 397.79101
